10,99
10,35
10,123
10,27
10,193
10,267
11,7
11,20
11,18
11,22
8,10
30,3
30,2
30,1
30,0
24,3
24,2
24,1
24,0
20,3
20,2
20,1
19,3
19,2
19,1
12,3
12,2
12,1
11,30
11,28
11,26
11,25
11,23
11,21
11,19
11,14
11,13
11,12
11,10
11,6
11,5
11,3
11,2
11,1
10,305
10,294
10,279
10,253
10,249
10,237
10,227
10,202
10,201
10,199
10,188
18,1
10,168
10,163
18,3
10,157
10,135
10,134
10,128
14,1
10,122
14,3
10,111
10,93
13,1
10,88
10,3
10,2
13,3
10,1
9,7
9,6
9,5
9,4
9,3
9,2
9,1
8,17
8,13
8,12
8,9
8,8
8,6
8,5
8,4
8,3
8,2
